2518404
6519340
3098400
1731955
5559861
4260300
3706574
3098400
4647600
6001303
5858195
2751817
3408240
3706574
3098400
4701021
6123698
6001303
6519340
5858195
3098400
839468
3098400
2938138
6519340
4647600
4647600
6196800
3098400
4839286
5559861
6196800
4544320
839468
3098400
6001303
6123698
3098400
207398
4260300
4544320
3408240
4012078
6123698
3098400
4647600
6196800
4647600
3098400
719544
4260300
1992824
6123698
4839286
5559861
3408240
5858195
3706574
3098400
719544
4260300
1992824
6123698
4839286
5559861
3408240
5858195
3098400
1436423
6196800
1992824
839468
4544320
839468
839468
3098400
1
6519340
4260300
6001303
6196800
719544
6196800
4089888
5559861
6123698
3927435
3098400
2518404
6123698
5559861
3706574
3098400
5858195
3098400
3827974
6196800
1992824
3098400
3827974
719544
6123698
4089888
6123698
4764548
3098400
5680400
4260300
3827974
4260300
4089888
3195225
3706574
3098400
6123698
4839286
4544320
839468
3098400
3827974
2658774
3098400
1992824
6001303
6123698
3098400
6001303
6123698
3098400
4839286
4647600
6196800
5112360
6123698
5559861
6123698
3706574
3098400
1731955
5559861
4260300
3098400
6519340
3098400
6001303
6196800
4839286
3098400
3827974
4260300
5247651
6001303
6196800
3706574
3098400
6123698
4839286
4544320
839468
3098400
3827974
2658774
3098400
719544
4260300
2751817
3827974
4260300
4544320
839468
5559861
6123698
3098400
4839286
6123698
207398
6123698
3098400
2751817
6196800
4780699
839468
4780699
6196800
5559861
3408240
3098400
3827974
4839286
6123698
3098400
5680400
6196800
4764548
4260300
4839286
5559861
839468
3706574
3098400
3827974
4839286
6123698
3098400
6519340
5112360
6196800
4839286
2658774
3098400
5260666
5559861
4260300
5680400
4260300
3098400
6196800
6001303
5559861
839468
3718080
4089888
839468
4839286
5559861
6196800
3098400
5025229
719544
4089888
6196800
3827974
4260300
3706574
3098400
5858195
3098400
3827974
6123698
4089888
3195225
3706574
3098400
1731955
5559861
4260300
3098400
4260300
6001303
3098400
6196800
6001303
5559861
839468
3718080
4089888
839468
4839286
5559861
2323800
3706574
3098400
419734
419734
3098400
5858195
3098400
3827974
6196800
4839286
3098400
207398
4260300
4544320
3408240
4012078
6123698
3098400
6001303
6123698
3098400
2751817
6001303
6196800
3195225
3706574
3098400
3827974
2658774
3098400
6519340
5112360
6123698
3098400
6001303
6123698
3098400
4764548
4089888
6519340
5680400
3098400
1992824
4260300
5247651
3706574
3098400
3827974
2658774
3098400
6519340
5112360
6123698
3098400
6001303
6123698
3098400
1992824
4260300
5247651
3098400
3827974
6123698
4089888
6001303
2658774
5247651
3098400
4089888
6196800
207398
3706574
3098400
4647600
6196800
4647600
3098400
3827974
2658774
3098400
5680400
4260300
3827974
4260300
4089888
839468
5559861
6123698
3927435
3098400
2518404
6519340
3706574
3098400
2751817
4764548
4089888
6196800
3827974
4839286
5559861
3827974
6519340
5247651
5559861
6123698
3706574
3098400
2751817
4764548
4089888
6196800
3827974
4839286
5559861
3827974
6519340
5247651
5559861
6123698
3927435
3098400
6390450
3098400
3827974
839468
5112360
6519340
3706574
3098400
1731955
5559861
4260300
3098400
5858195
3098400
3827974
6196800
4839286
3098400
719544
6519340
5680400
6196800
3195225
3706574
3098400
4839286
6196800
4764548
839468
5559861
6123698
4839286
3408240
3098400
839468
3098400
4089888
6196800
4839286
4839286
4647600
6196800
2751817
2658774
3827974
6196800
5247651
5559861
6123698
3927435
4184425
996412
5195865
6196800
4647600
3098400
5680400
4260300
3827974
4260300
4089888
839468
4544320
6196800
3098400
3827974
3098400
839468
3195225
4544320
6123698
3098400
4315116
2382274
3061849
6753579
3098400
5680400
4260300
4764548
6196800
3098400
839468
2751817
3827974
6123698
4839286
5559861
6001303
6196800
5858195
3098400
0
6001303
6001303
6196800
3098400
5729369
6196800
3827974
4544320
4260300
3827974
6001303
6196800
3098400
1128245
6123698
4089888
6123698
4089888
3706574
3098400
1436423
4089888
6123698
5247651
4544320
839468
6001303
6196800
3098400
839468
3098400
719544
4089888
839468
207398
4544320
839468
5112360
6123698
6001303
6001303
6196800
5858195
3098400
839468
1992824
719544
6123698
4089888
6196800
5559861
4089888
839468
629601
2658774
3098400
1084851
6196800
4089888
839468
839468
3098400
1678936
6123698
4764548
4260300
4089888
4260300
3827974
6001303
2658774
3706574
3098400
3827974
4839286
5559861
4089888
6123698
1731955
6196800
5858195
3098400
3827974
6196800
5112360
6001303
4260300
5680400
4260300
3098400
839468
3098400
1731955
839468
6001303
4260300
3827974
6001303
4260300
5680400
4260300
3098400
4647600
6001303
5858195
2751817
5858195
3098400
3525766
6196800
4839286
839468
4544320
839468
5858195
3706574
3098400
719544
6123698
4089888
3827974
2658774
1992824
3098400
719544
4089888
839468
6123698
3718080
6196800
3827974
4012078
6123698
5680400
4260300
3098400
6001303
6196800
3098400
6123698
6123698
3098400
3827974
6123698
1731955
6123698
4089888
3927435
3098400
0
6001303
6001303
6196800
3098400
5729369
6196800
3827974
4544320
4260300
3827974
6001303
6196800
3098400
4647600
6196800
4012078
4544320
5858195
4544320
6196800
3098400
6001303
6123698
4839286
4647600
4260300
4544320
3408240
4647600
4260300
3098400
4764548
6001303
6123698
5247651
3706574
3098400
6519340
3098400
6001303
6123698
6123698
3098400
207398
2658774
4544320
3098400
5680400
4089888
839468
719544
719544
3706574
3098400
4647600
6196800
4647600
3098400
4260300
6001303
6196800
3098400
5680400
4260300
3827974
4260300
4089888
839468
4544320
6196800
3098400
5025229
5680400
4089888
839468
719544
719544
3098400
207398
2658774
4544320
3098400
5559861
4260300
5680400
4764548
6196800
3098400
6001303
4260300
3827974
4260300
6123698
3098400
4839286
4544320
4260300
3827974
4260300
3706574
3098400
6519340
719544
4260300
5559861
4089888
6123698
207398
4544320
5858195
3827974
4012078
6123698
6123698
4839286
5858195
3098400
5559861
4260300
4544320
3408240
4647600
4260300
3098400
4089888
6123698
4764548
4647600
839468
1992824
839468
2323800
3706574
3098400
6196800
3098400
719544
4260300
5559861
4260300
1992824
6519340
3098400
4260300
6001303
6196800
3098400
6001303
6123698
3098400
4764548
6123698
5112360
6519340
4089888
839468
4544320
6196800
3098400
839468
3098400
6001303
6123698
3098400
3827974
2658774
3718080
4260300
4764548
839468
4544320
6196800
3098400
839468
2751817
3098400
4764548
4260300
1992824
6519340
3927435
3098400
3525766
3098400
2751817
6196800
719544
839468
4839286
4260300
1731955
4647600
6196800
3718080
3706574
3098400
4089888
6196800
2751817
4260300
4839286
4544320
6196800
6001303
6001303
2658774
3718080
3098400
6519340
5559861
4089888
4260300
1992824
3098400
4839286
3098400
4647600
4089888
6196800
4839286
6001303
2658774
1992824
3098400
4544320
6196800
4647600
6123698
6123698
1992824
3706574
3098400
207398
2658774
4544320
4260300
3098400
6001303
6196800
719544
839468
4839286
6196800
6001303
4260300
3098400
207398
6123698
2751817
3098400
4089888
6196800
2751817
4544320
839468
1731955
839468
5858195
3098400
3827974
4260300
3098400
3827974
4839286
6123698
3718080
2556180
4184425
996412
2272160
5641225
4839286
4544320
839468
3098400
6519340
3098400
3827974
6196800
4839286
3706574
3098400
5680400
4089888
6196800
1436423
3098400
5025229
839468
4544320
839468
3098400
4647600
6001303
5858195
2751817
3408240
2323800
3706574
3098400
6001303
6123698
5559861
3098400
3827974
3098400
3827974
839468
4764548
6519340
3098400
6001303
839468
1731955
6123698
5680400
4260300
3098400
4544320
6519340
1731955
4012078
6123698
5680400
4260300
3098400
839468
3098400
6123698
4839286
4544320
839468
3098400
719544
6123698
4089888
4839286
719544
6123698
4647600
5559861
839468
3827974
6196800
3098400
3827974
6123698
1731955
6123698
4089888
6196800
3098400
6519340
3098400
207398
6123698
4764548
6001303
4260300
5247651
3098400
207398
4260300
4544320
3408240
6001303
4260300
5247651
3098400
6001303
6123698
3098400
4839286
4544320
839468
4012078
4647600
4260300
1992824
3098400
3827974
6196800
4839286
3098400
719544
6519340
5680400
6196800
6123698
5559861
3706574
3098400
5559861
4260300
3098400
5858195
3098400
207398
6519340
4764548
6519340
3098400
4260300
1731955
6123698
6001303
3408240
3098400
4089888
6196800
4764548
6196800
3098400
3827974
839468
4764548
6123698
5559861
3408240
3098400
3827974
6196800
4839286
3098400
6001303
2658774
6001303
1731955
6123698
3098400
6519340
3098400
4839286
6123698
207398
5858195
3098400
1992824
6123698
5112360
4764548
6519340
3098400
1835330
3098400
839468
3098400
4315116
3061849
3098400
1731955
6196800
4839286
6196800
1992824
839468
3927435
